9.999990667123355159e-01
9.992800925515256116e-01
9.987283594528861830e-01
9.981392540754634446e-01
9.976621383255076525e-01
9.966885528293187857e-01
9.956763018111626229e-01
9.931734191236021303e-01
9.907139597920361362e-01
9.875410537336031247e-01
9.835371629661890935e-01
9.790506867458845797e-01
9.723564901554275774e-01
9.663993776842421113e-01
9.596247346839971160e-01
9.553301031219385564e-01
9.503632156954870958e-01
9.498622693795675254e-01
9.432515038331982238e-01
9.005425783769800407e-01
8.073112119137110243e-01
6.799642251039815788e-01
5.752755841089264299e-01
4.826539163197071658e-01
3.499408498980284277e-01
1.889075466556031091e-01
7.985700937464047799e-02
1.634012879646402905e-02
1.372163378919650026e-03
0.000000000000000000e+00
