9.999990888224943308e-01
9.995978922624805252e-01
9.988948319934729536e-01
9.977788153255345849e-01
9.962394150648428148e-01
9.942048274492177873e-01
9.906269534807308208e-01
9.885933997275461182e-01
9.849282807642839588e-01
9.819153199367984808e-01
9.801548820127872208e-01
9.760137122177657831e-01
9.701147693542948591e-01
9.676704743398005792e-01
9.586888128448077806e-01
9.453367210498853090e-01
9.276664475606866134e-01
8.934062762505520228e-01
8.218263238256753311e-01
7.218148127973439410e-01
6.490305725783265256e-01
5.570092450939139184e-01
3.794738351347614058e-01
2.469751304433083772e-01
1.615141281067589973e-01
1.015206024671290036e-01
3.156561609727374235e-02
9.388163614981282629e-03
6.470303584821578483e-04
0.000000000000000000e+00
